-0.31058238156060647 -0.25867098480663775 0.3240725083495015 0.1850892234200803 0.8547794752366747 -0.11417789512460265 0.17755004488349851 -0.316860962325641 0.4454539970850202 0.2911808924198036 0.09998534718215425 0.952607700120911 -0.34689098862485673 0.4737336120329729 0.3139523797101916 -0.35121463245258044 0.784338732324925 -0.5813679380559863 -0.12803794848088 0.20870314648714844
0.5717179712166021 -0.9764181928188174 -0.929724088174193 0.6446771616467368 -0.4039791959119876 0.9461208492217548 0.6995657813631293 0.8452986690769806 -0.21110418920276874 -0.9972550671288807 0.9472855307315877 0.43322358814137174 -0.9999268745091079 0.06428221952298285 0.8656684214628141 -0.9866088182233184 0.9788619526411149 0.6005751115318276 0.7573627694156777 -0.6556000476855908
-0.8203606544654132 0.7978476539219945 -0.7763148662472019 0.8314062352231746 0.93284206158045 0.5975570536305987 -0.9511328581964134 -0.5631037099581253 -0.9536275391864599 0.4929648044284969 0.7897039072236951 0.817291074128786 0.4765738723660733 -0.8995785304500772 0.9497133988717854 0.7057718933856938 0.5958465062144469 -0.9842195328536256 -0.8231620080028488 -0.9425414319623047
-0.0710727177814412 0.5612405998387231 -0.20788380325300637 -0.573355308028109 0.07388381135614608 -0.8872131289625641 -0.19861347232446075 -0.03732270352379761 0.06524888246916437 0.15518918080174451 -0.4710066994651808 0.3879915185604977 0.2313805516521597 0.604641942951094 0.025339428968247885 0.11357568831044008 0.13358195225326555 -0.32636116158060063 0.04065179697182809 -0.12066978435780207
-0.012348230486817631 -0.14831346630853684 0.010264971819208268 0.16983367965642968 -0.4552564318680562 -0.0060604855289459365 0.21521306401494988 -0.5706236895844146 0.39062621506719486 0.8408321473794004 -0.8014077984596127 0.3794078288722423 0.13871598427847517 0.04757579144586063 0.04589044262251178 -0.0485454240728412 -0.571472264132468 0.13338575033813413 0.3573802993937133 -0.4927640449666344
0.22455285963157032 0.5499658078690862 0.14409439889147027 0.15511898595546406 0.021396164799174618 -0.017357030892620993 0.3593971626286953 0.27467695738500447 -0.32197764802852213 0.2824620028243151 0.08187993239133089 0.13139353872177942 0.4723859271268183 -0.534769385545086 -0.30849458092090865 -0.21828881388351773 -0.32408008976880204 0.17345280203214433 -0.7356498409970952 -0.354166696438238
-0.5341434311325927 -0.23699632960174413 -0.03927719258632281 -0.17842966628403298 -0.039302214510547655 -0.0925844238375756 0.023057945514484098 -0.07631040069827942 0.003846955635298325 0.05257377389663327 0.4961448380369556 0.6772459731098727 -0.10323972786871347 -0.22250735078527545 0.051531696140322054 -0.11354159208648618 0.015623726567022671 -0.027993459384559122 0.06683728799885634 0.45758388810085954
-0.29392488478616885 0.973711110842399 -0.7352556023208219 -0.7711302807411704 -0.6829261759916347 -0.7740414728110936 -0.851088081341252 -0.9901934861603807 0.76213743745875 0.8798414537444599 -0.571820948550049 0.910466134968053 0.9397568656541107 -0.4570038961002083 0.956609708421553 -0.8133287248120291 0.866856929110128 -0.6725944660082108 0.8004274043967645 -0.7440122638806359
-0.6414390442441525 -0.3590987971090681 -0.00433406905871628 -0.0773575995734343 -0.25949299515530955 0.08260908126527304 -0.07586821759089021 -0.09466782095804342 -0.335731289065256 -0.4804606548591634 0.11010621163631605 -0.11066015268297523 0.6194606556694902 0.751381596066022 -0.9748879350578018 0.017595299802721277 0.01911160004796031 0.07875754879487805 0.04666317990100214 -0.038306347536828954
-0.01994975652765732 -0.14602399228985002 -0.1751134406773391 -0.49624230281118686 0.13721257793383035 0.5499028937743954 0.9316910999563623 0.11210174830982547 0.07551297631914443 0.1458600970436387 -0.22047225446776597 0.3461809804254818 0.2545171478638006 -0.7526791511223963 -0.035616242847803015 -0.5858796916383211 -0.17656857958780522 -0.20152360498630634 -0.6698316351734949 -0.6554322634814367
